# Created by Octave 3.8.0, Fri Jan 13 00:00:24 2017 KST <jameschee@Jamess-MacBook-Pro.local>
# name: thetag
# type: matrix
# rows: 77
# columns: 151
 -1.18817458420681 0.5002332065432515 -0.4367177075362359 0.6384614638075674 -0.2879774451281585 0.1501867870888854 0.1799059519898238 -0.1846288097133546 0.09366756350812507 -0.3160951422264014 0.09570470277895739 -0.5865176933696516 -0.403996284569216 0.09553637568147912 -0.5550470448473555 -0.2061748490981196 -0.2442026455383053 -0.2190992411622858 -0.2117264105539508 0.2496750068954243 0.6808767515618367 0.1028767166625907 -0.3952918766878087 0.2146614764927898 -0.5420493112203085 0.3177164869072796 -0.6435029107119921 -0.09977377078171737 0.2452556211198413 0.2501061234867814 0.4375954829594774 -0.8595751196585385 0.06966180852632566 0.412184777510551 -0.2789570574323144 -0.3466949567822029 -0.1720208124243177 -0.2831827466304394 -0.1389513778384318 0.1442818169265627 -0.07462460998962939 -0.02045701292691111 -0.8163780844086911 0.5254021604788709 -0.01319444042584355 -0.09151231380225733 -0.3220873550159731 0.01094171009975251 -0.1050500909776075 0.01908579205578089 0.137377952647161 -0.05710084064039387 -0.4301082733630635 0.06050427786614994 0.2505889528995596 -0.390632242011031 -0.3505591127594694 0.3603409387763735 -0.4026466037355963 0.5963737849291738 0.1855451133867188 -0.3520926966373609 0.224111405065993 -0.3016514850861563 -0.4514222315431154 0.2950599809931487 -0.3007074317372629 -0.367790967502641 -0.1491078140514719 0.02355091245684117 0.2041117452567933 -0.204962232781711 0.03761244990457183 0.02751192349285711 0.07311999281367064 0.1699181701060981 0.3882000689747114 0.3125538853160434 -0.1675911125166307 -0.1800023625810204 0.6711031585344078 -0.320972513850457 -0.1894624805085164 0.593272411411258 -0.07293728754159988 -0.4071604133949446 0.4888346542007883 -0.176784368220895 -0.6013582460453517 0.3624486328795583 -0.05377078981266768 -0.1890055379324125 0.3223048170718679 0.05868388761844363 -0.1011906137397158 -0.002979279447264077 0.5343402773339653 -0.07899179083128705 -0.2403565866400838 0.4597167727818036 0.254978398170919 0.05497472518356925 -0.2023986307367332 -0.0175662106320547 0.4790703147218307 0.244018305444667 -0.225490966945751 0.3420710643598281 -0.02754905086563556 0.4319406273188765 0.7867957627036296 -0.458429136763563 -0.2517814292346883 0.8955692955508229 0.04093338897677443 0.3553074030492623 0.594092544690405 0.5478570384932577 -0.1845748378182931 0.4175019076429392 0.8237126950019611 -0.1903401552992401 -0.03553366614948791 0.1706669499658022 -0.218631756833655 -0.7124915515802459 -0.5314921902268739 -0.1642111455074798 -0.1724616184716847 -0.34362192128998 0.1482222063925911 0.288519224268879 -0.08680607821015737 -0.3122106725905281 0.1603308902059676 0.7174028215094119 -0.1575525296543194 0.6614116003925642 0.3496310194349735 -0.3167876152785511 0.2629845796118682 -0.1969368212088963 -0.02649339125205967 0.3059513990657092 -0.1885382674314469 -0.1671665770464512 0.5118067368411943 -0.2486269757702528 -0.1636960230108656 0.5263909904587357 0.4323174353969104
 -5.760097928350041 0.03123655731208786 -0.04590223194631116 -0.4901592833433638 -0.3227977675350003 -0.1753595201595646 0.392811494478899 0.2726602510918412 0.1414173376380636 0.1062883950577539 -0.2451210008986919 0.02562418021878824 0.3059040414884697 0.1785373403596189 0.3403823939098539 0.1800857041527869 0.03736973481377387 0.1778090333895919 0.08482769432717319 0.07636987784660722 0.1695610044970065 -0.1534534154452026 -0.1866901542615254 0.2611404342429219 -0.1839992214377786 -0.4166213252288386 0.03471142810480761 0.06087751445620053 -0.06247202189863646 0.05456596198070128 0.1677893378344635 0.168922641937217 0.1051018027377221 0.1728920818138804 -0.3024910072679255 0.07729096924856278 0.003266106934736922 -0.1484460285926594 -0.07143519475359682 0.007743791988164674 -0.1426832949984128 0.21278646841719 0.0084661304232057 -0.1554853629518989 0.3328253291439879 -0.008537632353898574 -0.1011958730943691 0.1721507759495175 -0.1193041061559637 -0.2610731568177234 0.1331138873162522 -0.04446572055112819 0.01843261587330655 0.1517573248554167 -0.0592238981570091 0.06321682091403051 0.01882679661581617 0.1336528715771447 0.09130077787298242 -0.05408494896082985 -0.01730282291503902 0.1330573482601186 0.2927816605266577 0.09414625250611779 0.07431349855527358 0.1796361550329864 0.1885171153331117 -0.05568771798533656 0.5209040937812319 0.1249530087756506 -0.03746501279457762 0.58147154073758 0.03344824645944554 -0.4204016900652968 0.1621605535725819 -0.01855480926728494 -0.175202275571229 0.1816692261128509 -0.1279576832891083 -0.0121701530020273 -0.244669924187429 -0.08378041068639497 0.05346965659967651 -0.06925819487186617 0.1278893847488152 0.06764005584512461 -0.176299126559832 -0.06322456049960209 -0.3996035817976865 0.2823417747406989 0.02534925712549736 0.1151913038258286 0.10103556713335 -0.02433141655961076 0.01480074642980013 -0.1016061396036279 -0.1604298941902994 -0.0267824315187769 0.04261574648507151 -0.2076496079523454 0.2187346982064444 -0.0182276506865099 0.1031767166834912 0.03690662315170493 0.0408725317369891 0.02018496374979677 -0.03644781809737939 -0.01934933680338017 -0.06783344336084078 -0.001631521490862785 -0.1893576027784287 -0.1292721142980836 -0.1704219630156007 -0.1269247834901694 -0.07284020008210419 0.02694362860744073 -0.01164492574701823 0.1138657107338939 -0.03388058321789967 0.2198588955440846 -0.1714962111277136 0.270303221994463 0.2905192123821657 -0.4919602684431244 -0.1446832655875376 0.1692480892018234 -0.1941678804243801 -0.1267341339659184 -0.125230524375798 0.06022169074773256 -0.03182667717159607 -0.09937732920608415 0.06772466615414542 -0.1408181143032371 -0.1291993820647934 -0.3790174371077047 0.1948266883366296 -0.3294012495038671 -0.1507215416890872 -0.1005463367375066 -0.4475618995441916 0.2076724896747469 0.1317473636344275 -0.08687975184899797 0.04843596249707118 -0.3107243102585542 -0.06457224802541377 -0.1571860500892612 0.1710224276036404 0.1296461310530171 -0.1073794369466236
