# Created by Octave 3.8.0, Fri Jan 13 00:00:24 2017 KST <jameschee@Jamess-MacBook-Pro.local>
# name: thetaa
# type: matrix
# rows: 77
# columns: 151
 0.5737949330316627 0.1384394962062999 0.05257873719149424 -0.3922298316563704 -0.3168251506868429 0.0998494523743193 -0.2457486368712083 -0.1979834467080221 0.1892674124110739 0.3585389197441604 0.2506852148656913 -0.5485386581502427 0.1721785308251549 0.08115633648920093 -0.07012130998333162 0.2656112832820964 0.1212104275507501 -0.07766531293453577 0.09407985503691806 -0.05375276875259753 -0.08953266574994793 0.09202546359094492 -0.007612874454799465 0.1477805986508517 0.1379997049867315 0.1363549284155297 0.2253492086431217 0.2806643539544587 0.1545514233650777 0.3232891049977102 0.1728494740645529 -0.01024172832954096 0.1959717917275627 0.07881955778082717 -0.03401866489054445 0.04197019452446438 0.1031822816600659 -0.05495678484747976 -0.1285138945171483 0.0931167570540772 0.1287152190368701 -0.1820196426541717 0.1572632933971771 0.005813877100704165 -0.1765241731021635 0.1119241718636083 0.1072717252617391 0.01044073809574621 0.04289659572738416 0.2215233995379145 -0.1457829465121039 0.03636334731862501 0.004825548593876895 -0.216053209475838 0.04336493294181092 0.05591057939520135 -0.00834668485612926 -0.03585163587855213 -0.06935083845045112 0.1604305830194239 -0.04705574809888361 -0.02780324012453605 0.2742442245243367 -0.04613261078463462 -0.158865627498137 0.05808983572120174 0.03376530318122087 0.07141450987276488 0.1998752153729262 0.1063900205484881 0.1334259669056355 0.3187063119471504 0.07585591017349586 0.1395945068399534 0.2786882195806539 0.09009470927357245 0.1482430437577773 0.4398554149794487 0.0589785623840418 0.1567602028685989 0.3207258064925311 0.09446462774362002 0.4043336482714356 0.3128169071920724 0.1503392856558668 0.1639482440258789 0.3460710624831691 0.1095749826567273 0.003574103491417411 0.2076276530709289 0.07156700882105202 0.06474483799798847 0.3119399446750242 0.1620774202995585 -0.05633369874264248 0.2733299574983351 0.03451240659833273 0.1111141000374629 0.3650192714396093 0.1970413657695737 0.268198299892321 -0.009619412488802714 0.1107368478609717 0.1502899927478463 0.2106423968818926 -0.1885366891548479 0.1708876964187601 0.1224133600311085 -0.1942496039834149 0.3834209433612877 0.1381542511989871 -0.2076590562636766 -0.04965811728634702 0.11704015948065 -0.3354170898039393 0.1442884716041265 -0.02182470690071066 -0.0580173618617509 -0.04905234169295025 0.2329714100020722 -0.01362422649194124 0.07268613713364254 -0.0179816071761583 0.06599347529824914 0.175157300588111 0.2227987133933131 -0.00966173672067841 0.1645727465003829 -0.05852718358259767 -0.2359289863163949 0.06765017967820131 0.2235904044406392 -0.3728488953452301 -0.05719796545571153 -0.006408237898042289 -0.5192187278814347 0.2244406097490124 -0.01430983182511142 -0.4411200527529317 0.1402724403990586 0.1337781691232838 -0.3410672320552582 0.498732509459215 -0.1791458728754774 -0.4933954552667079 0.2422779689608595 0.1386787471273299 -0.2587577366622459 0.4498705004606079 0.2676520858957753 -0.2818095354583083
 -5.102866890475661 0.08323072006241902 0.004667376280581123 -0.007777705918704694 -0.04991337975745406 -0.005018975620549395 -0.03725268107011608 -0.02616492032406324 -0.02429730539809845 0.005379221828066101 -0.009600782440101605 0.00586992432199296 -0.173300484739726 0.09147141789385166 0.03580380792999818 0.003421296412697834 -0.002012528183615989 0.07415732320244531 -0.08763753300548345 -0.08322340366215386 0.1367405906267838 0.1450190688593144 -0.0987024936093721 -0.03406484852041021 0.1128403675238407 -0.01032607784489583 0.1060239351389384 0.07225595051676258 0.1122054294551972 -0.07814975209814093 0.1258697109463637 -0.04087358500469025 -0.05371388812750066 -0.07041670531668641 -0.03442224072960577 0.0229082743698661 -0.08118472421044834 -0.2153130385393593 -0.1201566659040358 -0.1682422994629621 -0.1535746270524398 -0.1240308980934224 0.1345904717818098 0.02989749802743382 0.07262570559082965 0.1081841196522851 0.10553405608534 -0.02640894911988417 0.00149423123594066 -0.09080197903099561 0.05272152012351432 -0.0428309801374453 0.2300537144961137 0.0339117124084426 0.03624835179056585 -0.1098606164202037 -0.02246804489377779 -0.1038169534200835 0.188104724576468 -0.009807375036237145 -0.100250753562603 0.2073288635901673 0.02221404799922008 -0.1272545946462428 0.1181798505177642 -0.1263135470746682 -0.1233053233889317 -0.0447128595896988 0.1105136059317984 -0.03564839049650524 0.003341674685335919 0.1324807010307507 0.0411270856625387 0.1665929095812478 -0.001199931005032662 0.05054556366525663 -0.05835773179040785 0.0004867122537152016 0.168234541887249 -0.1488757177326679 0.1715010481421212 0.07884778807022351 0.01232636147173972 0.08731728545890084 -0.114396279575925 0.04222551300631619 -0.07237691920810722 0.1702215636942893 0.08891933875670573 -0.06124793035609659 0.09602889174361168 -0.06951444688654403 -0.08870383132477495 -0.0006881711701252923 -0.2713676695241131 -0.03921001959834779 -0.002652795578514321 0.0471724344605948 0.04857745879259762 -0.009275106512054657 -0.04301557077875103 0.1436350723374745 0.004725581663029212 0.09037387600599812 -0.01107186696622375 0.09439250239404716 0.1481529571454675 -0.1516953131858304 -0.02040365999325452 -0.141875507643958 0.2698022382485836 -0.0692915963075242 -0.05658731601866621 0.07015954858342616 -0.1221004002753451 0.2107899507331003 0.2371642797349663 0.007565431545997587 -0.1298658580385464 -0.2843644702902084 -0.01766078980631685 0.07976671337612987 -0.2687993161545118 -0.1295129117439622 0.08586673859323762 0.0755153360497722 -0.1234822149576538 -0.08323242901885156 0.0667542630265392 0.02810249035733234 -0.1531104039311938 -0.2208413595087311 -0.02582583477048516 -0.01470973401395895 -0.2425379261125827 0.04245480634500633 -0.2161602969794221 0.2707631799352844 0.1075692229364009 0.08081104626881108 0.1662783133067366 -0.02101584133582785 -0.0912702510296587 -0.09412861916553429 -0.02613042100288137 -0.108270221304958 0.04722741957489886 -0.2473561676538483 -0.07077378470705689 -0.3506752004525904 -0.08425248368307731
