# Created by Octave 3.8.0, Fri Jan 13 00:01:47 2017 KST <jameschee@Jamess-MacBook-Pro.local>
# name: thetaa
# type: matrix
# rows: 77
# columns: 151
 0.3838799197794036 0.1381461446720083 0.04154222379338894 -0.3470924183197648 -0.278395536324633 0.1024821483552072 -0.2215702425897362 -0.1953136318695088 0.1657769888702852 0.3218064509737916 0.2113684506972105 -0.4573542109685741 0.1413321190870478 0.06966417022738554 -0.05738524303827612 0.2245419280618551 0.1120567697950022 -0.05899884975801935 0.08192587656881194 -0.03381279723081163 -0.06937361668444017 0.07443341395926385 -0.01077789833043953 0.1308354187457381 0.1141242853618247 0.1126184803535697 0.1888609129485291 0.2353829446807704 0.132837219336139 0.2707636602662992 0.1528923170307224 -0.003891084799780216 0.1615062364309743 0.07273786515981695 -0.01713105155495631 0.03778471026806656 0.08432714842711585 -0.03653073343953805 -0.09332735728490753 0.07313436303255534 0.1127952716080882 -0.1500919699588693 0.1294796121727248 0.007040399787337846 -0.1483140355300644 0.07991905653048574 0.09010881084444179 0.00406080528882927 0.03294902461351134 0.1827431946245772 -0.1159229762735032 0.03622561515543557 -0.002003309285362731 -0.1826680735515392 0.03395465224784906 0.0361641393168388 -0.005609233900688236 -0.02279720375895859 -0.06526327275540922 0.137836853368206 -0.03299292492382699 -0.02771230994323863 0.2250810760667652 -0.02460041400435458 -0.1326146159552839 0.05201637301453733 0.03416953054458669 0.05381984217287613 0.1723385314245927 0.09412445896263003 0.1105017592351683 0.2690461474013822 0.06880884023687907 0.1180731378682927 0.2406074065756711 0.06983739906112095 0.1300106346074558 0.3771209073889743 0.04575140365981353 0.1362508463454393 0.2745726821586176 0.07996924716792202 0.3433687882542515 0.2642769129541438 0.1228528615142982 0.1499779167887799 0.2985385510862465 0.08272896839916957 0.01574141763338158 0.184308145879522 0.05100421853279955 0.04978708222548947 0.2729705812935453 0.1363778238633893 -0.04896798453033389 0.238328339972045 0.03367296218143503 0.09486860132335113 0.3097174032470364 0.1801869161459508 0.2233538549682553 -0.001583811123957103 0.09865850689555439 0.122488355844881 0.1698372403985542 -0.1560753662759649 0.1579577431631184 0.1103379612580035 -0.1707814308166749 0.3276272723464899 0.1170847711782194 -0.1717901155689531 -0.04239489225931364 0.1069049925829692 -0.2877798407661286 0.1286865210347577 -0.01861117745844658 -0.04704666070585875 -0.03488712700034882 0.1970636340060336 -0.01895631956030154 0.07271828976124982 0.001477588107270918 0.05802008588136897 0.1607133284029385 0.1884854975283919 -0.009281896700526523 0.1367673839239743 -0.04354407887998495 -0.2019271310172668 0.05857631669989899 0.1911560030516583 -0.3190213110688026 -0.04246177494822708 -0.008507408060433144 -0.4373198348543782 0.1948118157866922 -0.01162968303216617 -0.3782532427969597 0.1296997079972521 0.1071802245176833 -0.2896993522423609 0.4261750798961199 -0.1456932019433591 -0.4183265935106575 0.2103386016444326 0.1221123861586497 -0.2249950475447453 0.3770410324326533 0.226371982140505 -0.237132700611288
 -5.024874595164634 0.07695973471683205 0.002399657780374112 0.006241537682260899 -0.06779269892549385 -0.004476059347680603 -0.01836479470216212 -0.00369923060572483 -0.004094552076316945 0.01041303310199115 -0.02563715185591911 0.02795587769296073 -0.1584072254788056 0.08117561331808916 0.02181618736734903 0.00174841107095616 -0.01527457312497669 0.06177526796457426 -0.06256040935524768 -0.07176742849710571 0.116095031145274 0.1050734270658939 -0.08139880543268187 -0.032645407041149 0.0918500861184179 -0.01864750434551787 0.08843570702417679 0.06926546018143766 0.09209832446339047 -0.06567650474070434 0.1007419931439153 -0.02914721834901443 -0.03037633051779912 -0.04751979688715233 -0.026593994634171 0.00700849820738875 -0.05559975937535425 -0.1664278767391205 -0.09039374781189183 -0.1389808519192527 -0.1487178497083208 -0.1003947815769467 0.08455805420135191 0.05026184565022878 0.03562853360251387 0.09378263724058847 0.08061610177356043 -0.03481482393928911 -0.001165814070189855 -0.09003974467753996 0.05299072133684619 -0.04880026592087727 0.1942077188910417 0.02439032187853887 0.03070717132360163 -0.07508454637014286 -0.002896589413525988 -0.07372511715024339 0.1478563345420471 0.02252307847605008 -0.08558938281128493 0.1668130196211962 0.02972930528697585 -0.1168361288828548 0.1174172655283174 -0.1042351758067403 -0.1030585574387346 -0.03818900310649156 0.07365102061221207 -0.05187443632002423 -0.01077957885992221 0.08678944926787682 0.02438079254618062 0.1400495673280838 -0.001542721904750897 0.05131650073513892 -0.03137234525429428 0.03208873246840859 0.1482079540840776 -0.1321286936530099 0.145408743647761 0.05736562954505767 0.004498154688772635 0.08465264367223196 -0.08889491629336355 0.01760820731841344 -0.06066879706201558 0.1542673689332068 0.08248618446693382 -0.07558493568109759 0.1103298573246886 -0.07063392009306591 -0.07781587609812284 0.01554523840886264 -0.2367120281274351 -0.0410462954591863 0.002154010719037618 0.04152575498592004 0.01519233720706638 -0.009268875527893967 -0.04565084306407623 0.121780999027438 -0.01805270048688951 0.07560476828570106 -0.0002591375894238968 0.07377646971158519 0.09618921087875762 -0.09588541700817221 -0.00382184043286677 -0.1023244697516975 0.2357647139799818 -0.03322202939055936 -0.04549582438409532 0.03334829269996319 -0.1058980609109973 0.1839576887654575 0.1762852135389045 -0.002733411540874673 -0.1068028966990284 -0.2258122274065201 -0.03313259743262176 0.05269890452429195 -0.232728041245981 -0.1336273915740048 0.07593902344935614 0.06208584782083208 -0.1059619391505688 -0.09234736505978815 0.04554864951906221 0.04396675213335031 -0.1464107899066955 -0.15215655016312 -0.002059315008268918 0.01662629007196511 -0.1955048193670594 0.01123959358808476 -0.1605671348483813 0.2150478805005655 0.03694563374656683 0.01692121303127508 0.1079179922120214 -0.009909747259001329 -0.05066410785960818 -0.08144955986594196 -0.0152904035172041 -0.08351440762268419 0.02759043683489305 -0.1743076722951324 -0.07286319442143763 -0.2355310140194077 -0.1036901333365048
