# Created by Octave 3.8.0, Fri Jan 13 00:01:47 2017 KST <jameschee@Jamess-MacBook-Pro.local>
# name: thetag
# type: matrix
# rows: 77
# columns: 151
 -1.105913878887991 0.3905720326719017 -0.3310852275914719 0.4856029999984186 -0.2144540178786377 0.1176797830344704 0.1409052678635977 -0.1211678174261207 0.08510546397729696 -0.2317628515124012 0.09034327910296913 -0.4332859213677188 -0.3576546481764312 0.09007352317761287 -0.4557467259351695 -0.1604436371785094 -0.143796341107884 -0.2014550679480783 -0.1730362479750255 0.194600462312518 0.4258650199942543 0.07342466695802745 -0.2726884610433305 0.1215164509554274 -0.3606000142846507 0.2700252172447449 -0.4309924293740068 -0.03806445959855748 0.1914788582174216 0.1489733510951051 0.3197755456327098 -0.6708558420327216 0.01433924675109438 0.3260291103000574 -0.2155021757669356 -0.2468420102383764 -0.1109531627349192 -0.2019206493420569 -0.09594302070102877 0.07446053914689942 -0.04527583849673485 -0.02253791804611711 -0.5757019224223089 0.3886576597298207 0.02698673327917324 -0.07279620546668913 -0.2487708218769388 0.001517638250770495 -0.08345220408689293 -0.04631906860734693 0.07667220427005222 -0.05817306116500409 -0.4035309850164988 0.09000204089600279 0.1998125000014927 -0.3451655469313227 -0.2194527856532201 0.3041059122220863 -0.3240518772797285 0.4464388923153432 0.1279735236129192 -0.2901162312190234 0.1910541589224287 -0.2208103425291641 -0.3231677922026923 0.2372416903091068 -0.2351026752271346 -0.2421368349731049 -0.1001930186943439 0.01349828273411518 0.1289323131253263 -0.1600909598560581 0.03960686907046559 0.0513501833265508 0.07759945804440936 0.0938259523059269 0.3002940318678635 0.267586030314507 -0.1192539699853377 -0.1518085079059777 0.5275353754248677 -0.2215161903417469 -0.1564564984266878 0.486961651762129 -0.03902424067784567 -0.3121404097418631 0.3942623458666483 -0.1252082715270026 -0.4627628740115117 0.2789784003662888 -0.03870418413116504 -0.1902127402802438 0.2432759907489493 0.05905563416447942 -0.07145005483688474 -0.004692724936492196 0.3929093064583236 -0.03888137970476981 -0.1471374692872958 0.3445431829574871 0.1593905655215019 0.07660729041628085 -0.1038913838870773 0.03405986479732871 0.3429091219975223 0.1645009563979858 -0.1501498253062599 0.2772673625685242 -0.03936481841047802 0.3372420460803897 0.5989873450089898 -0.3182912177783837 -0.16877900675817 0.6760435428343464 0.04503247878337303 0.2788651922633022 0.4721625475965033 0.4285636897416646 -0.07161984938678748 0.3291385761696858 0.6217190248943957 -0.1504741340754703 -0.059822127598248 0.1691304294757683 -0.2007976489818795 -0.5524083249193291 -0.349092631031687 -0.1153418017706929 -0.1419777903625237 -0.2689625425164479 0.08730075901732998 0.2159490065849984 -0.0948067324449945 -0.225387121880534 0.1437561208399495 0.4947757243407063 -0.1286624991395527 0.4571899308636734 0.2843000753818504 -0.2151425920223065 0.2072203094338406 -0.1055493302948513 -0.02777821044401082 0.2416350242183832 -0.1322150252188299 -0.1348341357059243 0.4154546768831996 -0.1824122289136075 -0.1335012214297049 0.4291295490779438 0.2805179903485876
 -5.291586417351552 0.03080565440973912 -0.04307029076299472 -0.4267690953745691 -0.2967654170632453 -0.1317091041725069 0.3459276614042879 0.2335027240134356 0.132497574270353 0.1060858476792046 -0.2128339948349517 0.02803384163009708 0.2689355662911939 0.1457685803700016 0.2922587021616771 0.1553963798867761 0.04262293288807102 0.1609634654956419 0.08170958967211377 0.05438257030176789 0.1588212352756468 -0.1202050449804312 -0.1639992654080289 0.2212146445457 -0.1597553319698845 -0.3626539975555865 0.03352498545332164 0.04240343405930471 -0.06478210463585904 0.04769053864117619 0.1432942703513608 0.1387996910826534 0.09582970445574768 0.1529410961502722 -0.2766058768945537 0.07548974021680671 0.01578851120694086 -0.1355936284043519 -0.04489615028292546 0.009553052455855682 -0.1226046603942347 0.1938058977228406 0.008502974537416341 -0.1348939623444766 0.284833364312698 -0.01398190634658746 -0.0965311164634283 0.1533945627741312 -0.09817599460612468 -0.2322768737020749 0.1275077946163665 -0.03841045918623427 0.01173697472273246 0.1349199610941135 -0.04690300921076507 0.0501525396066661 0.01462021362827071 0.1290090387194568 0.06583491480062915 -0.03984555242071839 -0.003384071713029251 0.1157810590662148 0.2580575231792501 0.07486261173693852 0.0583789325888383 0.1669059650685062 0.1503083412043294 -0.05217868385974597 0.4478652885475253 0.1050121091483037 -0.04856302226866275 0.5024006881291684 0.0338178000761489 -0.3727128864422709 0.1441472702960537 -0.01019831287997578 -0.161715646229168 0.1501182096937936 -0.1080350004272021 0.007350346551827338 -0.2122938324501637 -0.0676251256392712 0.03868272269784585 -0.06853345438067279 0.1012344882264238 0.04665224074839874 -0.1562107599447212 -0.0415227858149776 -0.3315692719354706 0.2379393499698706 0.02912890041482102 0.1051060987406637 0.09178766597641939 -0.01979640197643326 0.03337537894131914 -0.0778063251475665 -0.1448172048068495 -0.02321582154093203 0.0273478745796249 -0.1775258980473045 0.1808066686770281 -0.03091684296110868 0.08076520434410488 0.02753285941315004 0.01351781335334725 0.01811060295587021 -0.02191223756445224 -0.031071813518818 -0.05627576513620305 0.004274792236591724 -0.1642253466539337 -0.1153026185548145 -0.1444416802199439 -0.1109551679256798 -0.05997790889659985 0.03321428422934423 -0.02339337048908992 0.1028034208772095 -0.02713555776364161 0.1696982874236546 -0.1493581144436592 0.2340026734544006 0.2333228034581888 -0.4243308217321461 -0.111555367184655 0.1372379612944287 -0.1733393958195056 -0.1260431128164083 -0.1135039867676791 0.04890843000308018 -0.03505645711563737 -0.084912855874255 0.04841274120989283 -0.1060671469394138 -0.122641126721756 -0.3197977781722058 0.1531713369710171 -0.3024010461847154 -0.1280724408302163 -0.0763400099398127 -0.3888810284706762 0.1595579341454488 0.1155739207003139 -0.07025968257068298 0.03486923554495781 -0.2670728932596777 -0.05396703556833288 -0.1258563916440787 0.1468285923525206 0.0979864578566258 -0.07857330718163796
