# Created by Octave 3.8.0, Fri Jan 13 00:02:55 2017 KST <jameschee@Jamess-MacBook-Pro.local>
# name: thetag
# type: matrix
# rows: 77
# columns: 151
 -1.058878384269557 0.3266969314541519 -0.2708535129255932 0.403226422303865 -0.1688705064733424 0.09546715759943175 0.1169024939637345 -0.0886486160572116 0.07586379589911034 -0.1903428555726118 0.08463241103465195 -0.3536880114695146 -0.3255028071550184 0.08421035806417837 -0.3979125300572106 -0.1387129595911581 -0.08951850718560118 -0.1850796889817744 -0.1509195634346152 0.1665199368849679 0.3044830913102625 0.05969256478833027 -0.2049691651473403 0.07204921074744197 -0.2680512066848304 0.2390608882229069 -0.3299814043147114 -0.009395267229209621 0.1616391008397318 0.09913630596021888 0.2622085037714597 -0.5573025132348037 -0.01221274271839054 0.2769203165409477 -0.1763431372298536 -0.1994518988406332 -0.07562887092859094 -0.154268302029869 -0.07669595237349972 0.04839593357652846 -0.03583601018873189 -0.02236649560507347 -0.4473619325888625 0.3143255161882896 0.04044836888738643 -0.05839631590099468 -0.2025492595831519 -0.0008733728285051004 -0.06876896452630583 -0.07020470436618834 0.04876303944004014 -0.05477948567446597 -0.3831679932871683 0.09669319748362891 0.1656524977223151 -0.3137753131123275 -0.1532803349542248 0.260544905078815 -0.2801857752878619 0.3644262627397069 0.1034874405297663 -0.2557997472305181 0.1688746467437618 -0.1765867718788004 -0.2629357444320185 0.205685482291255 -0.1985540063859074 -0.1818917971263838 -0.07415164448170414 0.007128150757805801 0.08713001476720357 -0.1334450175583536 0.03543564784326412 0.05447213851168028 0.07795012859768287 0.05800599086302996 0.2544658104958153 0.2396674809449603 -0.09165944396081516 -0.1300328756252799 0.4468254604732491 -0.1697101957731243 -0.1321104382867476 0.423721216175672 -0.02463981932802151 -0.2525270196297863 0.3358961157164415 -0.09657894301566677 -0.3831935016549344 0.2274853356571824 -0.02981017414993819 -0.1865278790612385 0.1970765387291709 0.05644896570086341 -0.06032628074541672 -0.002948318562951814 0.3182945057478779 -0.0198400932923046 -0.09847750003117745 0.2830136534892998 0.1104151332977749 0.08291789259113963 -0.05962085533813389 0.05560715650203558 0.2761185722427533 0.1228669779592169 -0.1060484357155674 0.242435594866582 -0.04022339081915846 0.2832402155689946 0.4952962732238096 -0.2444578185779812 -0.1244732077478738 0.5534420828549517 0.04543723577898724 0.2339298919810952 0.3925138203101 0.3616347033437046 -0.02378030418582401 0.2670422049593607 0.5133933311920326 -0.1235870284488982 -0.06971510902706964 0.1601981616147937 -0.1855004399643775 -0.4638788167233467 -0.2588603131359534 -0.09073463384793692 -0.1242006389013253 -0.2218562141259627 0.05948836520534039 0.1790788396059079 -0.09336554724223171 -0.1774721446849356 0.1305619822984941 0.3830153664911216 -0.1100623608618051 0.3553912439932494 0.244229702367767 -0.1667284702382175 0.1772949304662743 -0.06395523377618287 -0.02957621930942119 0.2053935342205345 -0.1036017844701902 -0.1152727566337129 0.3574574291332519 -0.1471607409329093 -0.1163034288971816 0.37236646925357 0.2034477520102559
 -4.999542414448286 0.02926731472811665 -0.03902004371975832 -0.3865925028469425 -0.2791125907505587 -0.1041949715207654 0.3149718119153196 0.2070779335050263 0.1262036861751719 0.1063949001646221 -0.1916588526216954 0.02884396690895638 0.2443958124045905 0.1255618243433219 0.2607975040274252 0.1397415381038088 0.04527854079378011 0.149228743660325 0.07933527941861088 0.0400057641034065 0.1510040693224116 -0.09902402561594625 -0.1498476904075989 0.1965438069350945 -0.1438352732889003 -0.3268281544885502 0.03413979301183724 0.03014178387060457 -0.06695073719432468 0.04396478220154362 0.1265265342898641 0.1185060382152575 0.08946944014503813 0.1401147530043354 -0.2584026110977934 0.07334881118745551 0.02409950543220814 -0.1277253515330835 -0.02949652816513834 0.01195717482563812 -0.1104113569878568 0.1801463889005661 0.008531108761323389 -0.1219007576128699 0.2546592369645171 -0.01810492776501656 -0.0918571167689103 0.1423936510116489 -0.08558106672863577 -0.2128078555851914 0.1238654112403088 -0.03392959795090667 0.006553020907334913 0.1243842709832609 -0.03904899489302105 0.04096346223894366 0.01261118794587304 0.1247373471843293 0.04920520637184475 -0.03045266079588493 0.003715158389083717 0.1033947098917312 0.2352436272954503 0.06330293183142782 0.04790503998617757 0.1571905528137123 0.127256093235574 -0.04921942535672177 0.4005393065252872 0.09186186453814126 -0.05498554738461929 0.4514070216874762 0.03323358859196607 -0.3418200096414621 0.1325557023349628 -0.004987387904833635 -0.154807177285113 0.1300195229491727 -0.09463311380262025 0.01879248093249232 -0.1906089302720333 -0.05772620964192245 0.02928736809646375 -0.06764036032680647 0.08475878633414084 0.03414079537169534 -0.1434337557729836 -0.02841377061980004 -0.2863067821522217 0.209178854466599 0.03114045750211908 0.09969548628177041 0.08474487391689035 -0.01559859146504771 0.04390780704493757 -0.06393462630402275 -0.1327574113388118 -0.02018189211851465 0.01772678662287533 -0.1582281163913426 0.157781800686001 -0.03891199920888633 0.06687717600479094 0.02162196887990049 -0.004132423043344901 0.01771296274034553 -0.01504315409656052 -0.03832542887335846 -0.04777373080123908 0.007956141981474684 -0.1488958475051558 -0.1055349593306007 -0.1278416486374843 -0.1016218635092871 -0.05179185862176522 0.03623418825872014 -0.03030411937823128 0.09485838751715479 -0.02217998965345086 0.138258588030035 -0.1358724486749698 0.2096143736706057 0.1964668939488854 -0.3799809296733127 -0.09017392087307591 0.1168500430342868 -0.158942170392692 -0.1244674693158037 -0.1063669479590225 0.04217481645833041 -0.03769446708323035 -0.07593477825339756 0.03734120209247843 -0.08444201293311683 -0.1177140342694284 -0.2824418494819187 0.1274105781826481 -0.2837843599144184 -0.1144427905153157 -0.06174242683126868 -0.3514135636783938 0.129739727520558 0.1059749669386951 -0.06014968342504773 0.0269156033805453 -0.2392941068427754 -0.04753903405890146 -0.105894729264952 0.1296750040831674 0.07839566782316565 -0.06086981026321175
