# Created by Octave 3.8.0, Fri Jan 13 00:02:55 2017 KST <jameschee@Jamess-MacBook-Pro.local>
# name: thetaa
# type: matrix
# rows: 77
# columns: 151
 0.2600817865405489 0.1384827714914662 0.03517939494834724 -0.3186780710628359 -0.2555437535153906 0.1046668974726501 -0.205862302520846 -0.193272746158535 0.1529222435233839 0.2965831498022732 0.1854346162809583 -0.3983550986313811 0.1224591013276353 0.06185287904883307 -0.04912757859937792 0.1983109770173623 0.1058105557236797 -0.04577429276090524 0.07461911186884476 -0.02159257871899791 -0.05513486462480433 0.06394645099015045 -0.01143154103626679 0.1200090746103295 0.09924713614067256 0.09820595671017029 0.1663275292556831 0.2061322580708791 0.1177240025487665 0.2372781810320415 0.1385343965375228 -1.937178140193277e-05 0.140425873691628 0.06881761638655787 -0.006704926675807424 0.03556270122705914 0.07251858695402803 -0.02498783863197724 -0.07121930849960362 0.06126646365674139 0.1022361704803497 -0.1294143007431371 0.1127619650274861 0.008313944368945914 -0.1305801695671522 0.06162522763165653 0.07817729885497679 -0.000565235923094739 0.02715243324382272 0.1581188610052028 -0.09819812239400282 0.03610457808853374 -0.006321295156648733 -0.1606994180751946 0.02894920568104259 0.02415054598129626 -0.00311366024895134 -0.01501959611129046 -0.06260244996048478 0.1229517418160723 -0.02511996005675863 -0.02789322090321126 0.194974215685029 -0.01238435396967671 -0.1145703057606874 0.04813547450181122 0.0338782032185978 0.04391160267043576 0.1552599535789717 0.0857270162955075 0.09682050958434581 0.2376463230671983 0.06302506101343119 0.1047157933655481 0.2156434813978395 0.0568160080677154 0.1192742701797625 0.3359153876280422 0.03726967447456282 0.1241617693048916 0.2452406277105965 0.07139706561922625 0.3045440536211061 0.2333462371745284 0.1059495985260925 0.1408660250420186 0.2674797751051637 0.06694069385566111 0.02392953752555278 0.1699632727401727 0.03938594182948215 0.04174065938619264 0.2483167012158682 0.1197443079344312 -0.04421706418194881 0.2163920102302616 0.03187168928808154 0.08536737440709315 0.2750655597685313 0.1669979376769415 0.1969037463981741 0.00308875014710123 0.08977470132621211 0.1056766063539502 0.1445702267467457 -0.1366559246677264 0.1496568451922798 0.1017811948853757 -0.1562313349232368 0.293131631212045 0.1046765077654299 -0.150024132400466 -0.03761648881223367 0.1000997252017954 -0.2587515473569693 0.1186369666541458 -0.01607851396600764 -0.04207950280061363 -0.02673666653995845 0.1745285630411975 -0.0231428498922538 0.07199284262469295 0.01358822717838951 0.05343907822331599 0.1520848527198309 0.167154304014275 -0.009742253410671279 0.1188757833816016 -0.03443482978909861 -0.1802669195641367 0.05301513276163961 0.1694996673307263 -0.2849898602333942 -0.03297790651436432 -0.009272221693489076 -0.3852964138587645 0.1755278675949835 -0.01039002210206579 -0.3383845754558627 0.1225773971014464 0.09021869862973796 -0.2583366189154788 0.3792255209446407 -0.1238938691724782 -0.3710771372519009 0.1900509998200727 0.1118881349905551 -0.203676258685919 0.3315020677940896 0.2017270206919358 -0.2095408612076094
 -4.967026401520422 0.07237453315730477 4.746018128250136e-05 0.01361861063920859 -0.07649899778434338 -0.002046343514657251 -0.007218587276649546 0.008136809503509344 0.005936022658346178 0.01241992521238567 -0.03234572346183276 0.03636445097746394 -0.1485647664525457 0.07181423442241697 0.01488184308149203 0.003036905535383798 -0.02185439012900552 0.05427639849598302 -0.04841248764962015 -0.06551185000243874 0.104069044885737 0.08356017863815222 -0.07194140230147947 -0.02950075021997896 0.07992297495683939 -0.02246002201071126 0.08069602538496558 0.06543727834602091 0.08230498405167203 -0.05785950373509803 0.08731924339899164 -0.02236668239803859 -0.02116844532308172 -0.03615794385328712 -0.02276708546849887 -0.0005939930844704739 -0.04349467009657178 -0.1417506096545774 -0.07510307290654727 -0.1243106055981104 -0.1418442602325443 -0.08712617270236103 0.06100502306240168 0.05749020142572769 0.01858372000320989 0.08474014773559471 0.06852026470858591 -0.03733610110304937 -0.0008389999524918542 -0.08818709345003753 0.05097840035131094 -0.0502402263664095 0.1731358847830036 0.02266101726650802 0.02718978601994578 -0.05858070752789426 0.008351854388894433 -0.06057036952781006 0.1294381619411951 0.03667431284611835 -0.07730272309529489 0.1477083832306099 0.03271478428490286 -0.1088132043840533 0.1128440893272674 -0.09346543254508616 -0.09159018269098744 -0.03548075138209484 0.05682115048955622 -0.05804518112369136 -0.01711325799390062 0.06557474359541637 0.01628931422264061 0.1245258459589001 -0.003298982145621496 0.05045054123631411 -0.01516427663939872 0.04659105263988176 0.1358808028971019 -0.1229467680797365 0.1320517898933553 0.0453394703877637 -0.001619659718955148 0.08417496698840282 -0.07410418565701019 0.006479308547850463 -0.05582508669848914 0.1455008401474304 0.07843113613039665 -0.08163324544169588 0.1155065843243657 -0.06910923438691746 -0.07382311748916091 0.02339199978112991 -0.2181452787606433 -0.04119044359655463 0.005043624013946569 0.03772826463206228 0.000855352719601388 -0.0107997535583559 -0.04674131982620919 0.1077784482912288 -0.02646201175511295 0.06673910479657562 0.006223222486298101 0.06367761929651002 0.07029267983194974 -0.06861547623422166 0.00386842136223369 -0.08281446863240821 0.2153062867194316 -0.01747320826042852 -0.03926076538410722 0.01709993109684895 -0.09779778294494511 0.1681944068636688 0.1453891214150092 -0.008055500051042693 -0.0945588157352843 -0.1976706783031061 -0.04012446557506395 0.03845940947494821 -0.2138003001027153 -0.1330104729749164 0.0694153705178376 0.05614771030192597 -0.09540511316577692 -0.09436344709189466 0.03810081699093659 0.04828387859324489 -0.1398471995418656 -0.1207968254299694 0.005223499583605357 0.0300532214070176 -0.1701534515042879 -0.001894222538533662 -0.1367593798892648 0.185098802573853 0.006439963837369373 -0.009600408068819991 0.08051619942344204 -0.004775541124129832 -0.03212659663877396 -0.07297856840254947 -0.01084389024786316 -0.07059261347883697 0.0176236171821913 -0.1392342918305751 -0.07241331667242541 -0.1787336304624117 -0.1113022082140103
